%YAML:1.0
calibration_time: "2018年01月30日 星期二 19时52分46秒"
nframes: 10
image_width: 640
image_height: 480
board_width: 10
board_height: 10
square_size: 5.0000000745058060e-02
aspectRatio: 1.
flags: 2
camera_matrix: !!opencv-matrix
   rows: 3
   cols: 3
   dt: d
   data: [ 7.5634619985639540e+02, 0., 3.2962342904141150e+02, 0.,
       7.5634619985639540e+02, 2.0229933504098847e+02, 0., 0., 1. ]
distortion_coefficients: !!opencv-matrix
   rows: 5
   cols: 1
   dt: d
   data: [ -4.5940188655037922e-01, 1.9992621590067197e-01,
       2.0070281356194635e-02, -8.6255772382113089e-03,
       4.8182700724227152e-02 ]
avg_reprojection_error: 4.6785937576249786e-01
per_view_reprojection_errors: !!opencv-matrix
   rows: 10
   cols: 1
   dt: f
   data: [ 4.89371806e-01, 4.69580680e-01, 4.83418703e-01,
       6.01706803e-01, 4.82308924e-01, 4.85746056e-01, 4.80350316e-01,
       5.12619257e-01, 3.03517193e-01, 2.81033367e-01 ]
extrinsic_parameters: !!opencv-matrix
   rows: 10
   cols: 6
   dt: d
   data: [ -1.8135575588060901e-01, 1.0997097781063609e-02,
       -1.5551090009537201e+00, -3.6870163945821088e-01,
       3.0412807846776674e-01, 1.6182149300012116e+00,
       -5.1074336165859567e-02, 8.2758910126014842e-02,
       -7.2273160132340416e-03, -4.2385689179496855e-01,
       -2.0965207097780952e-01, 1.6316180317913513e+00,
       4.3023270437144556e-03, 3.9315228450474410e-01,
       1.4875225696062064e+00, 3.0324710140560923e-01,
       5.3865825218494583e-02, 1.6145143650238494e+00,
       6.2489351780106783e-02, 5.9084348439193461e-02,
       6.6724923591432769e-02, -4.3855658764489025e-01,
       -4.2658748631393684e-01, 1.5665088293188303e+00,
       -4.2125382310734968e-02, 9.0961095561634300e-02,
       8.6519266634184661e-02, -4.1359668115977938e-01,
       -2.7906969453089076e-01, 1.6396795119769023e+00,
       -8.6322319672582026e-02, 2.7334398922152070e-01,
       -5.1486384226943375e-03, -1.5144440758806710e-01,
       -2.0296191015102408e-01, 1.6897761786211491e+00,
       -1.7206452623395455e-01, 1.6173456842713566e-01,
       1.7811607567810910e-02, -3.0865243501626688e-01,
       -6.1392989668874853e-02, 1.7078254227991734e+00,
       5.4061893790459574e-03, 1.4574093843866870e-01,
       3.2774413997759301e-02, -4.1349359573648919e-01,
       -3.2770567753610219e-01, 1.7117513053077169e+00,
       1.5200870937407651e-01, 1.5420026960994584e-01,
       1.3589847216922428e+00, -4.0951879137626879e-02,
       -2.9625216853796538e-01, 1.6695542904153688e+00,
       -1.2940063701654211e-01, -1.1284327259720001e-02,
       2.4734003042839556e-01, -5.9089729203131447e-01,
       -2.4565907372432613e-01, 1.7184003739672553e+00 ]
image_points: !!opencv-matrix
   rows: 10
   cols: 100
   dt: "2f"
   data: [ 1.61214676e+02, 3.41588318e+02, 1.62198669e+02,
       3.19569458e+02, 1.62442719e+02, 2.96550415e+02, 1.62644653e+02,
       2.73579102e+02, 1.63759140e+02, 2.51388626e+02, 1.64419998e+02,
       2.28286133e+02, 1.65728195e+02, 2.05577103e+02, 1.66509232e+02,
       1.83468414e+02, 1.68479080e+02, 1.61527161e+02, 1.69447876e+02,
       1.39621643e+02, 1.82646271e+02, 3.43442444e+02, 1.83019913e+02,
       3.19689545e+02, 1.84454681e+02, 2.97509094e+02, 1.84545776e+02,
       2.73667664e+02, 1.84795731e+02, 2.51519531e+02, 1.86400375e+02,
       2.27976242e+02, 1.86642456e+02, 2.05519852e+02, 1.88470917e+02,
       1.83487701e+02, 1.88858551e+02, 1.61486633e+02, 1.90463135e+02,
       1.39538742e+02, 2.04515060e+02, 3.43691559e+02, 2.04657303e+02,
       3.21666962e+02, 2.05892273e+02, 2.97512360e+02, 2.06532364e+02,
       2.74604584e+02, 2.06619934e+02, 2.51553177e+02, 2.08313370e+02,
       2.28345139e+02, 2.08489044e+02, 2.05504837e+02, 2.10058365e+02,
       1.83254715e+02, 2.10431549e+02, 1.60480255e+02, 2.12384186e+02,
       1.38502228e+02, 2.26621414e+02, 3.45536682e+02, 2.27343323e+02,
       3.21535553e+02, 2.28541428e+02, 2.98602570e+02, 2.28509888e+02,
       2.75490112e+02, 2.28949509e+02, 2.51563538e+02, 2.30521133e+02,
       2.28377838e+02, 2.30424332e+02, 2.05496841e+02, 2.32109543e+02,
       1.82533752e+02, 2.32511215e+02, 1.59628647e+02, 2.33844498e+02,
       1.37603195e+02, 2.49747314e+02, 3.45915619e+02, 2.50486298e+02,
       3.23263580e+02, 2.50448456e+02, 2.99587860e+02, 2.50721542e+02,
       2.75488617e+02, 2.52291595e+02, 2.51619766e+02, 2.52502930e+02,
       2.28765030e+02, 2.52852814e+02, 2.05479202e+02, 2.54537888e+02,
       1.82416153e+02, 2.54487686e+02, 1.59514435e+02, 2.55726807e+02,
       1.37473831e+02, 2.72578400e+02, 3.47545502e+02, 2.72675720e+02,
       3.23595001e+02, 2.73748688e+02, 2.99477539e+02, 2.74444794e+02,
       2.75627808e+02, 2.74530640e+02, 2.52478119e+02, 2.75131744e+02,
       2.29395676e+02, 2.76447754e+02, 2.05516937e+02, 2.76529785e+02,
       1.82517258e+02, 2.77153687e+02, 1.59496902e+02, 2.78402161e+02,
       1.37477814e+02, 2.96183716e+02, 3.47541626e+02, 2.96430756e+02,
       3.23748291e+02, 2.96484924e+02, 3.00167603e+02, 2.97418793e+02,
       2.76467560e+02, 2.98468079e+02, 2.53025543e+02, 2.98511536e+02,
       2.29462997e+02, 2.98579193e+02, 2.05513031e+02, 2.99730713e+02,
       1.82433029e+02, 3.00466736e+02, 1.59528854e+02, 3.00501282e+02,
       1.37457504e+02, 3.18688263e+02, 3.48570892e+02, 3.19874298e+02,
       3.25250122e+02, 3.20634277e+02, 3.01447449e+02, 3.20561371e+02,
       2.77380737e+02, 3.20979370e+02, 2.53546158e+02, 3.22092255e+02,
       2.29522919e+02, 3.22498535e+02, 2.05504333e+02, 3.22576294e+02,
       1.82439880e+02, 3.22713531e+02, 1.59482513e+02, 3.23240265e+02,
       1.37469635e+02, 3.42459534e+02, 3.49516846e+02, 3.42752747e+02,
       3.25517303e+02, 3.44287689e+02, 3.01574554e+02, 3.44554962e+02,
       2.77511169e+02, 3.44528870e+02, 2.53492645e+02, 3.44960358e+02,
       2.29518158e+02, 3.45563354e+02, 2.05463943e+02, 3.46351959e+02,
       1.82997299e+02, 3.46441437e+02, 1.59521393e+02, 3.46546875e+02,
       1.37506622e+02, 3.66564087e+02, 3.49535217e+02, 3.66610992e+02,
       3.25640381e+02, 3.67476227e+02, 3.01463409e+02, 3.68410492e+02,
       2.77523956e+02, 3.68502136e+02, 2.53514633e+02, 3.68481354e+02,
       2.29485382e+02, 3.68576355e+02, 2.05992615e+02, 3.68719879e+02,
       1.83577286e+02, 3.68792969e+02, 1.59441940e+02, 3.68806152e+02,
       1.37465500e+02, 1.40384308e+02, 1.09691597e+02, 1.60641785e+02,
       1.09386002e+02, 1.82539841e+02, 1.07474838e+02, 2.04496399e+02,
       1.06565971e+02, 2.26494278e+02, 1.05435616e+02, 2.48512543e+02,
       1.05409828e+02, 2.71448303e+02, 1.04115250e+02, 2.94438354e+02,
       1.03544525e+02, 3.17415283e+02, 1.03445045e+02, 3.40508698e+02,
       1.03498131e+02, 1.38603394e+02, 1.31533875e+02, 1.60538116e+02,
       1.30638870e+02, 1.81986847e+02, 1.29507462e+02, 2.03670807e+02,
       1.28865433e+02, 2.26242722e+02, 1.27441628e+02, 2.48511887e+02,
       1.27568062e+02, 2.70933563e+02, 1.26731430e+02, 2.94488037e+02,
       1.25969185e+02, 3.17670776e+02, 1.25618477e+02, 3.40537750e+02,
       1.25539223e+02, 1.38460831e+02, 1.53427505e+02, 1.59236511e+02,
       1.53176453e+02, 1.80623657e+02, 1.51502243e+02, 2.02652237e+02,
       1.51481522e+02, 2.25451935e+02, 1.50494965e+02, 2.48442230e+02,
       1.49595627e+02, 2.70646912e+02, 1.49525589e+02, 2.94470764e+02,
       1.49436020e+02, 3.18042267e+02, 1.49418732e+02, 3.40685059e+02,
       1.49320633e+02, 1.37197250e+02, 1.75805145e+02, 1.58454636e+02,
       1.75510437e+02, 1.80424881e+02, 1.74713638e+02, 2.02391739e+02,
       1.73592438e+02, 2.24781082e+02, 1.73484268e+02, 2.48369537e+02,
       1.73551636e+02, 2.70633057e+02, 1.73203537e+02, 2.94466125e+02,
       1.72400711e+02, 3.18162079e+02, 1.71979843e+02, 3.41334686e+02,
       1.71768509e+02, 1.36603149e+02, 1.99028412e+02, 1.58439072e+02,
       1.97727859e+02, 1.80499237e+02, 1.97491577e+02, 2.02479599e+02,
       1.97480087e+02, 2.24591370e+02, 1.97440369e+02, 2.48249771e+02,
       1.96591446e+02, 2.70621918e+02, 1.96101562e+02, 2.94518677e+02,
