%YAML:1.0
calibration_time: "2018年03月13日 星期二 04时38分22秒"
nframes: 10
image_width: 640
image_height: 480
board_width: 10
board_height: 10
square_size: 5.0000000745058060e-02
aspectRatio: 1.
flags: 2
camera_matrix: !!opencv-matrix
   rows: 3
   cols: 3
   dt: d
   data: [ 3.0887996635666332e+02, 0., 2.9568270173560489e+02, 0.,
       3.0887996635666332e+02, 2.5642677444175797e+02, 0., 0., 1. ]
distortion_coefficients: !!opencv-matrix
   rows: 5
   cols: 1
   dt: d
   data: [ -3.1364493812914795e-01, 1.2666872921321376e-01,
       -2.8908521284088267e-03, -1.5915954356424675e-03,
       -2.4686920701074720e-02 ]
avg_reprojection_error: 5.4638644122857283e-01
per_view_reprojection_errors: !!opencv-matrix
   rows: 10
   cols: 1
   dt: f
   data: [ 5.19374073e-01, 4.96541739e-01, 4.87203807e-01,
       5.41646004e-01, 5.14100611e-01, 5.04527748e-01, 5.78399062e-01,
       6.71395242e-01, 6.11256897e-01, 5.10421991e-01 ]
extrinsic_parameters: !!opencv-matrix
   rows: 10
   cols: 6
   dt: d
   data: [ 6.7695683470123669e-02, 3.5528234178178108e-03,
       5.4942531246044091e-02, -8.8318220549320828e-02,
       -1.3695341289230945e-01, 4.9509176986340575e-01,
       5.7510953323517737e-02, -3.1865559157294859e-02,
       6.0956878423906728e-02, -1.0486653167689360e-01,
       -1.3082295250986711e-01, 4.9545194365413114e-01,
       2.8399906875210622e-02, -1.8305263987742237e-02,
       4.5733520118776939e-02, -9.9682109607782551e-02,
       -1.1592810192369560e-01, 5.0584015089359358e-01,
       7.0311607811726420e-02, -1.3776109361306152e-01,
       6.6918596619827950e-02, -1.6214298584499867e-01,
       -1.3962150299219322e-01, 5.0485954018440393e-01,
       1.0615049641658189e-01, 2.7466765084724748e-01,
       7.3445403078012866e-02, 6.4291009161711987e-02,
       -1.4538704024237731e-01, 4.7604384313016557e-01,
       5.2490061756205762e-02, 1.8042575931901275e-01,
       7.1866436440735565e-02, -4.0623605808327537e-02,
       -1.2336835810225312e-01, 5.2235118690873361e-01,
       -7.5138796680570080e-02, -5.1266043015731247e-02,
       6.4652146737741917e-02, -1.7204450452033285e-01,
       -1.2656878792350057e-01, 5.6360565159852072e-01,
       6.3703819118391805e-02, 3.4054250856831475e-02,
       8.8780275809474521e-02, -1.0063928145786168e-01,
       -2.0553181301969933e-01, 5.1727574079335092e-01,
       4.4502590803391411e-02, -3.1882880043916567e-02,
       4.9101758108121576e-02, -1.1010182756317549e-01,
       -1.7523769157645219e-01, 4.7011694719660369e-01,
       1.5972613052514215e-02, 2.8462273988977577e-02,
       4.3907760409534972e-02, -5.8361853352254967e-02,
       -1.5859340369240632e-01, 4.6882625009482443e-01 ]
image_points: !!opencv-matrix
   rows: 10
   cols: 100
   dt: "2f"
   data: [ 2.42814346e+02, 1.72701035e+02, 2.72868835e+02,
       1.73767593e+02, 3.03298279e+02, 1.75343674e+02, 3.33520782e+02,
       1.77327652e+02, 3.63089874e+02, 1.79875626e+02, 3.91436859e+02,
       1.82545151e+02, 4.18496490e+02, 1.85524872e+02, 4.43534821e+02,
       1.88619141e+02, 4.66783630e+02, 1.91804169e+02, 4.88164886e+02,
       1.94950256e+02, 2.40534470e+02, 2.02786942e+02, 2.71056946e+02,
       2.04238770e+02, 3.01371277e+02, 2.05821350e+02, 3.31959747e+02,
       2.07818039e+02, 3.61510010e+02, 2.10138077e+02, 3.90369995e+02,
       2.12350632e+02, 4.17301575e+02, 2.14617020e+02, 4.42703552e+02,
       2.16854736e+02, 4.66150940e+02, 2.19258392e+02, 4.87321106e+02,
       2.21664886e+02, 2.38781555e+02, 2.33510071e+02, 2.68923309e+02,
       2.35102295e+02, 2.99516785e+02, 2.36804718e+02, 3.30118073e+02,
       2.38767380e+02, 3.59755249e+02, 2.40583145e+02, 3.88498901e+02,
       2.42392853e+02, 4.15491669e+02, 2.44084457e+02, 4.40892395e+02,
       2.45575470e+02, 4.64493713e+02, 2.47173813e+02, 4.85665405e+02,
       2.48623825e+02, 2.37422485e+02, 2.63797546e+02, 2.67430511e+02,
       2.65795593e+02, 2.97641022e+02, 2.67718079e+02, 3.28005768e+02,
       2.69382416e+02, 3.57590485e+02, 2.70915070e+02, 3.86293762e+02,
       2.72425720e+02, 4.13183563e+02, 2.73336761e+02, 4.38592743e+02,
       2.74325195e+02, 4.61727020e+02, 2.74851074e+02, 4.83236420e+02,
       2.75430054e+02, 2.36625549e+02, 2.93609863e+02, 2.66202637e+02,
       2.95783783e+02, 2.96103577e+02, 2.97736847e+02, 3.25973511e+02,
       2.99306671e+02, 3.55211456e+02, 3.00558502e+02, 3.83417877e+02,
       3.01532562e+02, 4.10303833e+02, 3.02022003e+02, 4.35333252e+02,
       3.01980377e+02, 4.58532654e+02, 3.01880585e+02, 4.79787079e+02,
       3.01606232e+02, 2.36039688e+02, 3.22031799e+02, 2.65267761e+02,
       3.24520630e+02, 2.94446472e+02, 3.26501282e+02, 3.23735260e+02,
       3.27901184e+02, 3.52406158e+02, 3.28890747e+02, 3.80312592e+02,
       3.29442627e+02, 4.06747101e+02, 3.29302338e+02, 4.31558411e+02,
       3.28769409e+02, 4.54525024e+02, 3.28061584e+02, 4.75742706e+02,
       3.27050812e+02, 2.35878250e+02, 3.49011749e+02, 2.64345459e+02,
       3.51563538e+02, 2.92995636e+02, 3.53532745e+02, 3.21491486e+02,
       3.54912811e+02, 3.49636108e+02, 3.55630707e+02, 3.76887115e+02,
       3.55709717e+02, 4.02841583e+02, 3.55342682e+02, 4.27370026e+02,
       3.54347412e+02, 4.50165985e+02, 3.52958954e+02, 4.71331665e+02,
       3.51374725e+02, 2.36105423e+02, 3.74082733e+02, 2.63649902e+02,
       3.76722321e+02, 2.91434113e+02, 3.78884888e+02, 3.19321075e+02,
       3.80067139e+02, 3.46682587e+02, 3.80682495e+02, 3.73388031e+02,
       3.80558655e+02, 3.98775146e+02, 3.79596619e+02, 4.22745331e+02,
       3.78296478e+02, 4.45413025e+02, 3.76369385e+02, 4.66343170e+02,
       3.74300751e+02, 2.36573471e+02, 3.97447906e+02, 2.63297791e+02,
       4.00216858e+02, 2.90221802e+02, 4.01901184e+02, 3.17158905e+02,
       4.03338654e+02, 3.43850616e+02, 4.03606079e+02, 3.69678040e+02,
       4.03296539e+02, 3.94572510e+02, 4.02242920e+02, 4.18167542e+02,
       4.00456116e+02, 4.40330872e+02, 3.98362549e+02, 4.60988800e+02,
       3.95759216e+02, 2.37163849e+02, 4.18617828e+02, 2.63086517e+02,
       4.21361786e+02, 2.88994080e+02, 4.23188690e+02, 3.15238007e+02,
       4.24496368e+02, 3.40833618e+02, 4.24680176e+02, 3.66144623e+02,
       4.24296570e+02, 3.90258545e+02, 4.22944214e+02, 4.13291443e+02,
       4.21129547e+02, 4.35093658e+02, 4.18481323e+02, 4.55519806e+02,
       4.15795471e+02, 2.32923569e+02, 1.76509384e+02, 2.62826385e+02,
       1.77933044e+02, 2.93024353e+02, 1.79777573e+02, 3.23119354e+02,
       1.82086151e+02, 3.52639221e+02, 1.84765320e+02, 3.80778412e+02,
       1.87599838e+02, 4.07536865e+02, 1.90667969e+02, 4.32721802e+02,
       1.93820694e+02, 4.55671143e+02, 1.97011154e+02, 4.77036743e+02,
       2.00330917e+02, 2.30402115e+02, 2.06618820e+02, 2.60668091e+02,
       2.08326263e+02, 2.90898834e+02, 2.10355331e+02, 3.21266388e+02,
       2.12449265e+02, 3.50804138e+02, 2.14745239e+02, 3.79349304e+02,
       2.17230804e+02, 4.06317230e+02, 2.19458984e+02, 4.31435730e+02,
       2.21842453e+02, 4.54784515e+02, 2.24266968e+02, 4.75961517e+02,
       2.26634918e+02, 2.28362595e+02, 2.37138870e+02, 2.58514191e+02,
       2.39104538e+02, 2.88929382e+02, 2.41166550e+02, 3.19254272e+02,
       2.43015961e+02, 3.48865692e+02, 2.45000793e+02, 3.77318970e+02,
       2.46818726e+02, 4.04422211e+02, 2.48713409e+02, 4.29471039e+02,
       2.50396713e+02, 4.53026764e+02, 2.51875748e+02, 4.74374908e+02,
       2.53220551e+02, 2.26720505e+02, 2.67450989e+02, 2.56709381e+02,
       2.69543030e+02, 2.86936890e+02, 2.71669128e+02, 3.17196198e+02,
       2.73552063e+02, 3.46560455e+02, 2.75048920e+02, 3.74815399e+02,
       2.76529358e+02, 4.01773254e+02, 2.77621368e+02, 4.27028717e+02,
       2.78612000e+02, 4.50327026e+02, 2.79269196e+02, 4.71604095e+02,
       2.79727234e+02, 2.25893677e+02, 2.97238892e+02, 2.55380264e+02,
       2.99430603e+02, 2.85228790e+02, 3.01473633e+02, 3.14830353e+02,
       3.03276215e+02, 3.44091675e+02, 3.04567841e+02, 3.72215912e+02,
       3.05380341e+02, 3.98925293e+02, 3.05979584e+02, 4.23696625e+02,
