%YAML:1.0
calibration_time: "2018年02月05日 星期一 22时20分34秒"
nframes: 10
image_width: 640
image_height: 480
board_width: 10
board_height: 10
square_size: 5.0000000745058060e-02
aspectRatio: 1.
flags: 2
camera_matrix: !!opencv-matrix
   rows: 3
   cols: 3
   dt: d
   data: [ 1.1977016235396654e+03, 0., 3.5600524668424549e+02, 0.,
       1.1977016235396654e+03, 2.2351797407555378e+02, 0., 0., 1. ]
distortion_coefficients: !!opencv-matrix
   rows: 5
   cols: 1
   dt: d
   data: [ -6.0183312378297671e-01, -3.9850952447079202e-02,
       6.7142870460117311e-03, -3.6233091472008101e-02,
       -7.5501246585019846e-02 ]
avg_reprojection_error: 2.4581916433010062e-01
per_view_reprojection_errors: !!opencv-matrix
   rows: 10
   cols: 1
   dt: f
   data: [ 2.21753672e-01, 3.04451197e-01, 2.38964796e-01,
       3.84156018e-01, 3.02290499e-01, 1.46986857e-01, 2.07361206e-01,
       1.87094346e-01, 1.67239904e-01, 1.96897268e-01 ]
extrinsic_parameters: !!opencv-matrix
   rows: 10
   cols: 6
   dt: d
   data: [ -1.5194694820882326e-01, -1.1305427183926779e-01,
       -5.3858394804119532e-02, -3.3244457018905982e-01,
       -2.3190275468951602e-01, 2.3195182603394695e+00,
       -1.7111536212808026e-01, -9.1851292211933971e-02,
       -4.8273293822021800e-02, -2.7089545671006732e-01,
       -2.4428901028503675e-01, 2.3122813154836952e+00,
       -1.6982964280837839e-01, 1.2155638098672228e-01,
       1.4241223161321952e+00, 2.3970296199332286e-01,
       -2.6701451507684704e-01, 2.3278348252424168e+00,
       -1.2523754980443341e-01, -1.2914599321261910e-01,
       -8.9152243474249979e-02, -4.5139774286787709e-01,
       -2.6694810562709165e-01, 2.3051355682347130e+00,
       -2.0471486738306455e-01, -1.5984965856199612e-01,
       -1.0663254613946015e-01, -3.6910670306054694e-01,
       -1.4844069447169059e-01, 2.3088057868912331e+00,
       -2.4086433311662475e-01, 7.5815440988508190e-02,
       1.4452255744998868e+00, 1.0916586413438403e-01,
       -2.0569845235061934e-01, 2.3705075030150122e+00,
       -1.1930225261730067e-01, -1.9888885359032377e-01,
       -3.5573591377667836e-02, -5.0369753405171491e-01,
       -2.3540278479120816e-01, 2.3559076408922910e+00,
       -2.1566208815319207e-01, -2.1881912077551388e-01,
       -3.3710295001982318e-02, -5.1209145106381648e-01,
       -8.1017960336820266e-02, 2.4164616814893662e+00,
       -2.7061724002606147e-01, -1.3304133180102845e-01,
       -9.9308347688305029e-02, -3.5776324740903587e-01,
       -3.3454830429840792e-03, 2.5038576123230167e+00,
       -4.1073671897668562e-01, 6.5995577555271620e-02,
       1.4453410505566591e+00, -6.1797867032068771e-02,
       3.2224298831710040e-02, 2.6277511713664801e+00 ]
image_points: !!opencv-matrix
   rows: 10
   cols: 100
   dt: "2f"
   data: [ 1.84587997e+02, 1.04902107e+02, 2.10288864e+02,
       1.03777176e+02, 2.36085632e+02, 1.02691879e+02, 2.61563629e+02,
       1.01740967e+02, 2.87399048e+02, 1.00843651e+02, 3.12717804e+02,
       1.00185455e+02, 3.38009674e+02, 9.94043579e+01, 3.62978302e+02,
       9.88817215e+01, 3.87844635e+02, 9.84318085e+01, 4.12364563e+02,
       9.81007538e+01, 1.85250412e+02, 1.29911789e+02, 2.11228394e+02,
       1.28717285e+02, 2.37063049e+02, 1.27690811e+02, 2.62997925e+02,
       1.26637573e+02, 2.88588196e+02, 1.25838898e+02, 3.14287048e+02,
       1.24783760e+02, 3.39701233e+02, 1.24116417e+02, 3.64940857e+02,
       1.23476921e+02, 3.89793640e+02, 1.22795692e+02, 4.14459717e+02,
       1.22391502e+02, 1.86054321e+02, 1.54892548e+02, 2.12144638e+02,
       1.53692688e+02, 2.38196045e+02, 1.52529083e+02, 2.64087708e+02,
       1.51509933e+02, 2.90068695e+02, 1.50503098e+02, 3.15700317e+02,
       1.49556061e+02, 3.41488159e+02, 1.48710571e+02, 3.66737976e+02,
       1.47976013e+02, 3.91761810e+02, 1.47307144e+02, 4.16414368e+02,
       1.46670609e+02, 1.86928177e+02, 1.80388107e+02, 2.13074890e+02,
       1.78992157e+02, 2.39317749e+02, 1.77855515e+02, 2.65395813e+02,
       1.76736328e+02, 2.91386108e+02, 1.75624298e+02, 3.17395508e+02,
       1.74654938e+02, 3.42927734e+02, 1.73685852e+02, 3.68468262e+02,
       1.72752045e+02, 3.93603790e+02, 1.71899216e+02, 4.18407074e+02,
       1.71223389e+02, 1.87755096e+02, 2.05728897e+02, 2.14045074e+02,
       2.04622559e+02, 2.40463013e+02, 2.03432129e+02, 2.66606079e+02,
       2.02228348e+02, 2.92685791e+02, 2.00992416e+02, 3.18693298e+02,
       1.99970047e+02, 3.44552979e+02, 1.98829132e+02, 3.70136536e+02,
       1.97875778e+02, 3.95475586e+02, 1.96831131e+02, 4.20064789e+02,
       1.95825806e+02, 1.88847824e+02, 2.31613968e+02, 2.15283371e+02,
       2.30408569e+02, 2.41532837e+02, 2.29165512e+02, 2.67882141e+02,
       2.27894073e+02, 2.94111664e+02, 2.26658905e+02, 3.20269226e+02,
       2.25419281e+02, 3.46003937e+02, 2.24370956e+02, 3.71788269e+02,
       2.23129547e+02, 3.96999207e+02, 2.21803436e+02, 4.21909241e+02,
       2.20836456e+02, 1.90026459e+02, 2.57611694e+02, 2.16496094e+02,
       2.56425323e+02, 2.42924744e+02, 2.55023712e+02, 2.69315277e+02,
       2.53669403e+02, 2.95587341e+02, 2.52472260e+02, 3.21673950e+02,
       2.51206909e+02, 3.47644012e+02, 2.49775787e+02, 3.73376556e+02,
       2.48538116e+02, 3.98809845e+02, 2.47309326e+02, 4.23565735e+02,
       2.46103989e+02, 1.91366898e+02, 2.83538025e+02, 2.17733627e+02,
       2.82364838e+02, 2.44307281e+02, 2.80974518e+02, 2.70742523e+02,
       2.79630615e+02, 2.97030457e+02, 2.78417755e+02, 3.23248810e+02,
       2.76955261e+02, 3.49142395e+02, 2.75599701e+02, 3.74973999e+02,
       2.74121490e+02, 4.00373444e+02, 2.72644226e+02, 4.25418152e+02,
       2.71259949e+02, 1.92636368e+02, 3.09638092e+02, 2.19205154e+02,
       3.08444794e+02, 2.45623077e+02, 3.07003754e+02, 2.72109131e+02,
       3.05606598e+02, 2.98515381e+02, 3.04306488e+02, 3.24672058e+02,
       3.02795593e+02, 3.50691162e+02, 3.01277588e+02, 3.76447205e+02,
       2.99638672e+02, 4.01752869e+02, 2.98268951e+02, 4.26882507e+02,
       2.96612457e+02, 1.94088654e+02, 3.35687408e+02, 2.20597198e+02,
       3.34495514e+02, 2.47025177e+02, 3.33128265e+02, 2.73521301e+02,
       3.31613403e+02, 2.99802734e+02, 3.30246124e+02, 3.26067841e+02,
       3.28661438e+02, 3.52101257e+02, 3.27086517e+02, 3.77742004e+02,
       3.25357422e+02, 4.03244598e+02, 3.23584167e+02, 4.28313324e+02,
       3.21824097e+02, 2.15425537e+02, 9.80375519e+01, 2.41339523e+02,
       9.69044724e+01, 2.67088074e+02, 9.61440277e+01, 2.92749329e+02,
       9.53183899e+01, 3.18527374e+02, 9.45418625e+01, 3.43953552e+02,
       9.39070587e+01, 3.69426575e+02, 9.34186020e+01, 3.94469086e+02,
       9.30148544e+01, 4.19359772e+02, 9.26218414e+01, 4.43653320e+02,
       9.24765320e+01, 2.16110168e+02, 1.22913277e+02, 2.42229401e+02,
       1.21872322e+02, 2.68277222e+02, 1.21053421e+02, 2.94084930e+02,
       1.20184113e+02, 3.20002045e+02, 1.19374794e+02, 3.45747650e+02,
       1.18596695e+02, 3.71134766e+02, 1.18064674e+02, 3.96482880e+02,
       1.17520294e+02, 4.21344513e+02, 1.17149437e+02, 4.45853394e+02,
       1.16777573e+02, 2.16969131e+02, 1.47943069e+02, 2.43068878e+02,
       1.46922180e+02, 2.69384918e+02, 1.45853088e+02, 2.95400482e+02,
       1.44915421e+02, 3.21483246e+02, 1.44185623e+02, 3.47344147e+02,
       1.43424423e+02, 3.72905090e+02, 1.42636826e+02, 3.98216858e+02,
       1.42074600e+02, 4.23466919e+02, 1.41530197e+02, 4.47965912e+02,
       1.41038467e+02, 2.17700226e+02, 1.73361572e+02, 2.44011719e+02,
       1.72181534e+02, 2.70358307e+02, 1.71254181e+02, 2.96670746e+02,
       1.70254669e+02, 3.22813110e+02, 1.69343399e+02, 3.48738342e+02,
       1.68495605e+02, 3.74449432e+02, 1.67783035e+02, 3.99978027e+02,
       1.66994934e+02, 4.25152466e+02, 1.66364914e+02, 4.49946350e+02,
       1.65592667e+02, 2.18733826e+02, 1.98808060e+02, 2.45050323e+02,
       1.97847000e+02, 2.71655121e+02, 1.96665359e+02, 2.97798096e+02,
       1.95718948e+02, 3.24205017e+02, 1.94700760e+02, 3.50186798e+02,
