%YAML:1.0
RT01: !!opencv-matrix
   rows: 4
   cols: 4
   dt: f
   data: [ 9.99978125e-01, 6.49456354e-03, -1.28399453e-03,
       -6.36663660e-03, 1.18668644e-10, 1.93948895e-01, 9.81011629e-01,
       -1.90128565e-01, 6.62027160e-03, -9.80990052e-01, 1.93944648e-01,
       9.61666942e-01, 0., 0., 0., 1. ]
