%YAML:1.0
RT01: !!opencv-matrix
   rows: 4
   cols: 4
   dt: f
   data: [ 9.99983311e-01, 5.67498151e-03, -1.08694728e-03,
       -5.39457984e-03, 1.18531435e-10, 1.88113779e-01, 9.82147217e-01,
       -1.78819060e-01, 5.77813666e-03, -9.82130945e-01, 1.88110664e-01,
       9.33603764e-01, 0., 0., 0., 1. ]
