%YAML:1.0
RT01: !!opencv-matrix
   rows: 4
   cols: 4
   dt: f
   data: [ 9.99999702e-01, 7.97622721e-04, -1.57512128e-04,
       -7.88192148e-04, 0., 1.93735510e-01, 9.81053710e-01,
       -1.91444904e-01, 8.13026447e-04, -9.81053412e-01, 1.93735465e-01,
       9.69454050e-01, 0., 0., 0., 1. ]
