%YAML:1.0
Time20180305-191132:
   ishit: 0
   delta: 4.3387556076049805e-01
   circle: [ 1.1122035980224609e+00, 6.4150280952453613e+00,
       2.4000000953674316e+00 ]
   ball  : [ 1.0684745311737061e+00, 6.4150280952453613e+00,
       1.9683338403701782e+00 ]
   points:
      - [ 3.3258268237113953e-01, 2.8947794437408447e+00,
          1.8111906051635742e+00 ]
      - [ 4.0800970792770386e-01, 3.2274558544158936e+00,
          1.8960257768630981e+00 ]
      - [ 5.4231035709381104e-01, 3.8761775493621826e+00,
          2.0080111026763916e+00 ]
      - [ 6.0133606195449829e-01, 4.1532421112060547e+00,
          2.0383889675140381e+00 ]
      - [ 7.2303158044815063e-01, 4.7541947364807129e+00,
          2.0931007862091064e+00 ]
      - [ 8.3774322271347046e-01, 5.3116717338562012e+00,
          2.0953094959259033e+00 ]
      - [ 9.4741719961166382e-01, 5.8560132980346680e+00,
          2.0548985004425049e+00 ]
      - [ 1.0596349239349365e+00, 6.3570890426635742e+00,
          1.9716293811798096e+00 ]
Time20180305-191233:
   ishit: 0
   delta: 6.8742275238037109e-01
   circle: [ 1.1120139360427856e+00, 6.4058914184570312e+00,
       2.4000000953674316e+00 ]
   ball  : [ 1.1921159029006958e+00, 6.4058914184570312e+00,
       1.7172602415084839e+00 ]
   points:
      - [ 3.2086020708084106e-01, 2.7489759922027588e+00,
          1.6618582010269165e+00 ]
      - [ 4.8277631402015686e-01, 3.4536383152008057e+00,
          1.7752282619476318e+00 ]
      - [ 5.6339424848556519e-01, 3.7816357612609863e+00,
          1.8094115257263184e+00 ]
      - [ 7.1534454822540283e-01, 4.4152450561523438e+00,
          1.8597420454025269e+00 ]
      - [ 9.4460725784301758e-01, 5.3638563156127930e+00,
          1.8375170230865479e+00 ]
Time20180305-191320:
   ishit: 0
   delta: 5.4010766744613647e-01
   circle: [ 1.1144224405288696e+00, 6.4197249412536621e+00,
       2.4000000953674316e+00 ]
   ball  : [ 1.2144291400909424e+00, 6.4197249412536621e+00,
       1.8692318201065063e+00 ]
   points:
      - [ 6.6461753845214844e-01, 4.2165961265563965e+00,
          1.9957143068313599e+00 ]
      - [ 8.1531476974487305e-01, 4.8409757614135742e+00,
          2.0363397598266602e+00 ]
      - [ 9.5938688516616821e-01, 5.4011406898498535e+00,
          2.0132067203521729e+00 ]
      - [ 1.1021227836608887e+00, 5.9672155380249023e+00,
          1.9547612667083740e+00 ]
Time20180305-191330:
   ishit: 1
   delta: 2.0416489243507385e-01
   circle: [ 1.1137435436248779e+00, 6.4158058166503906e+00,
       2.4000000953674316e+00 ]
   ball  : [ 1.1483588218688965e+00, 6.4158058166503906e+00,
       2.1987910270690918e+00 ]
   points:
      - [ 4.4704145193099976e-01, 3.4692931175231934e+00,
          2.1173057556152344e+00 ]
      - [ 5.7837069034576416e-01, 4.0356116294860840e+00,
          2.2225871086120605e+00 ]
      - [ 7.1572083234786987e-01, 4.6131243705749512e+00,
          2.2995235919952393e+00 ]
      - [ 7.7936506271362305e-01, 4.8781290054321289e+00,
          2.3226377964019775e+00 ]
      - [ 9.0940231084823608e-01, 5.4113554954528809e+00,
          2.3135712146759033e+00 ]
      - [ 9.7247457504272461e-01, 5.6729130744934082e+00,
          2.2974059581756592e+00 ]
Time20180305-191339:
   ishit: 0
   delta: 5.0252538919448853e-01
   circle: [ 1.1155354976654053e+00, 6.4189925193786621e+00,
       2.4000000953674316e+00 ]
   ball  : [ 1.0822514295578003e+00, 6.4189925193786621e+00,
       1.8985781669616699e+00 ]
   points:
      - [ 4.0390148758888245e-01, 3.4000792503356934e+00,
          1.9820553064346313e+00 ]
      - [ 5.3010910749435425e-01, 4.0036902427673340e+00,
          2.0682396888732910e+00 ]
      - [ 5.8861333131790161e-01, 4.2798275947570801e+00,
          2.0877006053924561e+00 ]
      - [ 7.1650975942611694e-01, 4.8558425903320312e+00,
          2.1203572750091553e+00 ]
      - [ 7.6812726259231567e-01, 5.1170005798339844e+00,
          2.1132752895355225e+00 ]
      - [ 8.3671742677688599e-01, 5.3884630203247070e+00,
          2.1043159961700439e+00 ]
      - [ 1.0549783706665039e+00, 6.2188968658447266e+00,
          1.9411362409591675e+00 ]
Time20180305-191347:
   ishit: 1
   delta: 2.0619612932205200e-01
   circle: [ 1.1134628057479858e+00, 6.4101271629333496e+00,
       2.4000000953674316e+00 ]
   ball  : [ 1.1347457170486450e+00, 6.4101271629333496e+00,
       2.1949052810668945e+00 ]
   points:
      - [ 4.7650840878486633e-01, 3.5897698402404785e+00,
          2.2249488830566406e+00 ]
      - [ 5.3971439599990845e-01, 3.8601622581481934e+00,
          2.2796399593353271e+00 ]
      - [ 6.7097014188766479e-01, 4.4189472198486328e+00,
          2.3451826572418213e+00 ]
      - [ 7.2847640514373779e-01, 4.6827931404113770e+00,
          2.3650791645050049e+00 ]
      - [ 8.4358859062194824e-01, 5.1933236122131348e+00,
          2.3615651130676270e+00 ]
      - [ 9.0621632337570190e-01, 5.4517712593078613e+00,
          2.3431487083435059e+00 ]
      - [ 1.0313361883163452e+00, 5.9352388381958008e+00,
          2.2890536785125732e+00 ]
Time20180305-191544:
   ishit: 1
   delta: 3.2841315865516663e-01
   circle: [ 1.1130250692367554e+00, 6.4111442565917969e+00,
       2.4000000953674316e+00 ]
   ball  : [ 1.0369557142257690e+00, 6.4111442565917969e+00,
       2.0805182456970215e+00 ]
   points:
      - [ 5.2690547704696655e-01, 4.0041890144348145e+00,
          2.1665959358215332e+00 ]
      - [ 6.4988023042678833e-01, 4.5809788703918457e+00,
          2.2339766025543213e+00 ]
      - [ 7.6809424161911011e-01, 5.1281890869140625e+00,
          2.2408809661865234e+00 ]
      - [ 8.1919991970062256e-01, 5.3932423591613770e+00,
          2.2335858345031738e+00 ]
Time20180305-191555:
   ishit: 1
   delta: 1.0695047676563263e-01
   circle: [ 1.1124801635742188e+00, 6.4106268882751465e+00,
       2.4000000953674316e+00 ]
   ball  : [ 1.0507051944732666e+00, 6.4106268882751465e+00,
       2.3126945495605469e+00 ]
   points:
      - [ 6.4642506837844849e-01, 4.5319995880126953e+00,
          2.4231605529785156e+00 ]
      - [ 7.0454186201095581e-01, 4.7985773086547852e+00,
          2.4457952976226807e+00 ]
      - [ 7.5802552700042725e-01, 5.0545129776000977e+00,
          2.4639401435852051e+00 ]
      - [ 8.6798787117004395e-01, 5.5601797103881836e+00,
          2.4480662345886230e+00 ]
Time20180305-191646:
   ishit: 1
   delta: 2.7397137880325317e-01
   circle: [ 1.1131027936935425e+00, 6.4143757820129395e+00,
       2.4000000953674316e+00 ]
   ball  : [ 1.2507058382034302e+00, 6.4143757820129395e+00,
       2.1630914211273193e+00 ]
   points:
      - [ 6.3948595523834229e-01, 3.8185584545135498e+00,
          2.3858299255371094e+00 ]
      - [ 7.5252526998519897e-01, 4.3151497840881348e+00,
          2.4654507637023926e+00 ]
      - [ 8.0964440107345581e-01, 4.5595588684082031e+00,
          2.4864439964294434e+00 ]
      - [ 9.2281240224838257e-01, 5.0334658622741699e+00,
          2.4847145080566406e+00 ]
      - [ 9.7739338874816895e-01, 5.2460670471191406e+00,
          2.4606111049652100e+00 ]
Time20180305-191716:
   ishit: 1
   delta: 1.1495745182037354e-01
   circle: [ 1.1155694723129272e+00, 6.4140205383300781e+00,
       2.4000000953674316e+00 ]
   ball  : [ 1.2069445848464966e+00, 6.4140205383300781e+00,
       2.3302447795867920e+00 ]
   points:
      - [ 4.7192442417144775e-01, 3.4677710533142090e+00,
          2.2076225280761719e+00 ]
      - [ 5.3668910264968872e-01, 3.7633965015411377e+00,
          2.2678968906402588e+00 ]
      - [ 6.0953193902969360e-01, 4.0288534164428711e+00,
          2.3248319625854492e+00 ]
      - [ 7.4542599916458130e-01, 4.5912680625915527e+00,
          2.4052984714508057e+00 ]
      - [ 8.0986881256103516e-01, 4.8466572761535645e+00,
          2.4188182353973389e+00 ]
      - [ 9.4401234388351440e-01, 5.3595857620239258e+00,
          2.4312229156494141e+00 ]
      - [ 1.0078481435775757e+00, 5.6127266883850098e+00,
          2.4199030399322510e+00 ]
