%YAML:1.0
Time20180308-190454:
   ishit: 1
   delta: 2.1574103832244873e-01
   circle: [ 1.1377629041671753e+00, 6.3757519721984863e+00,
       2.3694729804992676e+00 ]
   ball  : [ 1.1842045783996582e+00, 6.3757519721984863e+00,
       2.1587898731231689e+00 ]
   points:
      - [ 2.8416785597801208e-01, 2.5219020843505859e+00,
          2.0724833011627197e+00 ]
      - [ 4.0037378668785095e-01, 3.0311126708984375e+00,
          2.2495136260986328e+00 ]
      - [ 5.1185047626495361e-01, 3.5055191516876221e+00,
          2.3745718002319336e+00 ]
      - [ 6.1649560928344727e-01, 3.9601364135742188e+00,
          2.4604721069335938e+00 ]
      - [ 7.2602140903472900e-01, 4.4228949546813965e+00,
          2.5097925662994385e+00 ]
      - [ 7.7706050872802734e-01, 4.6418137550354004e+00,
          2.5126926898956299e+00 ]
      - [ 8.8405948877334595e-01, 5.0798764228820801e+00,
          2.4800188541412354e+00 ]
      - [ 1.0291252136230469e+00, 5.7136831283569336e+00,
          2.3584611415863037e+00 ]
