%YAML:1.0
Time20180301-094735:
   ishit: 1
   delta: 1.8184959888458252e-01
   circle: [ 1.1482187509536743e+00, 6.3950819969177246e+00,
       2.4000000953674316e+00 ]
   ball  : [ 1.0727138519287109e+00, 6.3950819969177246e+00,
       2.2345664501190186e+00 ]
   points:
      - [ 2.1176299452781677e-01, 2.2834441661834717e+00,
          2.1139750480651855e+00 ]
      - [ 3.2362747192382812e-01, 2.7725663185119629e+00,
          2.3327271938323975e+00 ]
      - [ 3.6993020772933960e-01, 3.0018157958984375e+00,
          2.4187376499176025e+00 ]
      - [ 4.2056688666343689e-01, 3.2275891304016113e+00,
          2.4847385883331299e+00 ]
      - [ 4.6427315473556519e-01, 3.4381897449493408e+00,
          2.5405831336975098e+00 ]
      - [ 5.0258862972259521e-01, 3.6602900028228760e+00,
          2.5838859081268311e+00 ]
      - [ 5.4743993282318115e-01, 3.8574018478393555e+00,
          2.6240487098693848e+00 ]
      - [ 5.9494316577911377e-01, 4.0711135864257812e+00,
          2.6545767784118652e+00 ]
      - [ 6.4330577850341797e-01, 4.3020467758178711e+00,
          2.6783339977264404e+00 ]
      - [ 7.2652941942214966e-01, 4.7138400077819824e+00,
          2.6749887466430664e+00 ]
      - [ 7.6995170116424561e-01, 4.9205698966979980e+00,
          2.6591482162475586e+00 ]
      - [ 8.0789148807525635e-01, 5.1181559562683105e+00,
          2.6384699344635010e+00 ]
      - [ 8.4487438201904297e-01, 5.3200058937072754e+00,
          2.5888237953186035e+00 ]
      - [ 9.2664557695388794e-01, 5.7151193618774414e+00,
          2.4737703800201416e+00 ]
